IF (Bact_AreaShape_Zernike_0_0 > 0.78487369196003198, [-1.0000010465568192, -0.87526668170585897, 0.87526668170585897], [0.0091008286895298846, -0.054969014983472494, -0.95413110603840912])
IF (Bact_Intensity_IntegratedIntensity_Bact_Cy3 > 13.524330513551831, [0.96194322230761331, -0.95836300529681595, -1.0000000000000024], [-0.78191274112356246, 0.30542314760333272, -0.050871195301145804])
IF (Bact_AreaShape_InertiaTensorEigenvalues_0 > 2.7915518824609733, [0.23280488344315547, 0.17119484310828337, -0.99999999999999367], [-1.0, -0.61501505594181749, 0.65518170075407967])
IF (Bact_Intensity_MassDisplacement_MaskBackground > 0.23911660446288113, [0.68556783305316027, -0.71498223464847199, -0.61018537602083023], [-0.96232561038955255, 0.42846397143755316, -0.12317180500064588])
IF (Bact_AreaShape_HuMoment_1 > 0.0030795305872643036, [-0.22336337384252783, 0.27737005763555617, -0.54286231027944309], [0.22251539530487835, -0.72496460379455552, 0.71355058046330044])
IF (Bact_Number_Object_Number > 103.0, [0.41285990440522641, -0.083616869996158236, -0.69386177968858953], [-0.81677142032903616, 0.0040910797157171783, 0.55661078488291138])
IF (Bact_AreaShape_Zernike_8_8 > 0.11075722172136332, [-0.99999999999999989, -0.57921167525964268, 0.62851975416897765], [-0.013138022910041208, 0.23668688700246862, -0.75760331324059005])
IF (Bact_AreaShape_MaxFeretDiameter > 19.416487838947599, [0.9228881446058077, -0.91418877955252853, -0.99999999999999689], [-0.45633288641240466, 0.26946498163063382, -0.013098500915337716])
IF (Bact_AreaShape_Zernike_2_2 > 0.10066743926289812, [-1.0000000000000016, 0.24084089597693728, -0.21393767357437937], [0.40391244418995464, -0.30628026219205984, 0.28448891635024381])
IF (Bact_AreaShape_Zernike_4_2 > 0.034805290910354905, [0.49284682214136882, -0.33780717772890928, 0.019711279408594917], [-0.56791790689497335, 0.44716108843275526, -0.029194676959313076])
IF (Bact_Intensity_IntegratedIntensity_Bact_Cy3 > 13.524330513551831, [0.97756648866015416, -0.9075989745606402, -0.9999999999999859], [-0.46796865288262773, 0.14232310311352608, 0.024228666964428189])
IF (Bact_AreaShape_NormalizedMoment_1_3 > 0.0067892416992187503, [-0.88475850642224574, 0.90125725754761565, -1.0000000000000002], [0.36190407471177161, -0.2184541135183706, 0.055996282730662386])
IF (Bact_AreaShape_SpatialMoment_1_0 > 370.0, [0.33319959110269382, -0.065434163210930471, -1.0000000000000033], [-1.0, 0.090720777558705279, 0.037516120225709666])
IF (Bact_Intensity_MADIntensity_Bact_Cy3 > 0.0085221636109054089, [-0.36485043424314095, 0.37801396713105456, -0.44740458593482924], [0.75638677282645528, -0.34308288440402268, 0.15900273515500696])
IF (Bact_Intensity_MaxIntensity_Bact_Cy3 > 0.27586784958839417, [0.7944021550592032, -0.66355520611927177, -1.0000000000000455], [-0.50653873416556972, 0.11499203625590193, -0.0020354486889617622])
IF (Bact_AreaShape_Zernike_5_1 > 0.018236858989960442, [0.54200797224447772, -0.35733447064018797, 0.22774672121355036], [-0.64730379691538242, 0.23557524811023517, -0.12296327623067967])
IF (Bact_Number_Object_Number > 131.0, [0.25776062374342062, 0.32352292386823789, -0.57822240541558312], [-0.50466733936713648, -0.26425155306707848, 0.4112944041682613])
IF (Bact_AreaShape_Zernike_0_0 > 0.83467925710416224, [-1.0000000000000022, -0.49516038926348921, 0.45917668325744498], [0.0205206012252705, 0.27519856080872807, -0.55845605899600348])
IF (Bact_Intensity_IntegratedIntensity_Bact_Cy3 > 13.524330513551831, [0.92066186109494463, -0.80997010963617, -0.9999999999999829], [-0.36495373321826796, 0.089626363522791491, -0.011238129797956327])
IF (Bact_AreaShape_Zernike_4_2 > 0.029460461807018491, [0.67595103529498191, -0.034890599893850897, -0.1579907332581813], [-0.63417400543467317, 0.0014597024090591271, 0.22776201383505248])